0.717548
0.715381
0.73922
0.725
0.734903
0.738486
0.74183
0.738266
0.728287
0.722756
0.620878
0.680073
0.673816
0.715369
0.686709
0.742806
0.747721
0.740309
0.755359
0.624963
0.69077
0.726369
0.738039
0.740741
0.687539
0.659831
0.683407
0.633141
0.726888
0.778516
0.806076
0.669348
0.741817
0.705684
0.711534
0.754682
0.695261
0.777867
0.668622
0.62001
0.725672
0.669472
0.699681
0.735046
0.707486
0.727253
0.707428
0.569215
0.66021
0.729848
0.690639
0.73111
0.756091
0.721587
0.723239
0.732361
0.75323
0.690904
0.7169
0.792752
0.726859
0.709997
0.743405
0.739143
0.762963
0.718277
0.740783
0.682555
0.737683
0.732053
0.685658
0.663138
0.707927
0.737965
0.731061
0.746668
0.71782
0.763673
0.726468
0.752261
0.717259
0.704296
0.766582
0.70399
0.792609
0.715565
0.655873
0.783532
0.724928
0.683312
0.716594
0.700329
0.689587
0.711935
0.738302
0.768977
0.696419
0.72877
0.711421
0.73123
0.73482
0.810011
0.76331
0.662068
0.747605
0.7342
0.685015
0.621062
0.7511
0.709059
0.776168
0.675537
0.699159
0.729839
0.713027
0.755509
0.690793
0.665331
0.671302
0.677433
0.683582
0.758244
0.74346
0.750029
0.680972
0.70949
0.691812
0.610161
0.662358
0.681443
0.739805
0.725157
0.696706
0.663092
0.780595
0.744504
0.605066
0.733741
0.768957
0.668952
0.648409
0.769204
0.760646
0.735174
0.711128
0.774011
0.634647
0.765033
0.71137
0.742223
0.723001
0.722676
0.752252
0.679322
0.779265
0.708611
0.683692
0.748363
0.740419
0.731742
0.716057
0.679015
0.732982
0.752061
0.784346
0.715956
0.703119
0.740993
0.669467
0.67997
0.649186
0.762704
0.700714
0.660654
0.755856
0.721229
0.747918
0.812357
0.724353
0.718523
0.793905
0.616908
0.758746
0.68992
0.686696
0.714053
0.679343
0.673622
0.667402
0.687116
0.564434
0.686887
0.705036
0.75533
0.706299
0.692811
0.684829
0.710465
0.66357
0.73395
